1709804863734,0.997128,-0.0350756,-0.06712,-0.0280978,-0.994365,0.102218,-0.0703272,-0.100038,-0.992495,-0.19631,-0.0385996,1.78354
1709804864044,0.960239,-0.0443913,0.275627,-0.039558,-0.998951,-0.0230734,0.276362,0.0112527,-0.960988,-0.191426,-0.0393397,1.77722
1709804864163,0.997149,-0.0248079,-0.0712664,-0.0172315,-0.994321,0.105022,-0.073467,-0.103495,-0.991913,-0.188855,-0.03944,1.78371
1709804864364,0.939762,-0.0573989,0.336975,-0.0335499,-0.996529,-0.0761799,0.340178,0.0602855,-0.938427,-0.185305,-0.039875,1.76662
1709804864582,0.941715,-0.0517154,0.332414,-0.0548375,-0.998495,1.11721e-05,0.331913,-0.0182393,-0.943134,-0.187652,-0.0398629,1.77534
1709804864792,0.96724,-0.0405101,0.250612,-0.0398495,-0.999176,-0.00771193,0.250718,-0.0025275,-0.968057,-0.185658,-0.0395469,1.78419
1709804865007,0.996908,-0.0354141,-0.0701479,-0.0278889,-0.994029,0.10549,-0.0734649,-0.103208,-0.991943,-0.186328,-0.0386018,1.78332
1709804865221,0.996537,-0.0277468,0.0783905,-0.0171883,-0.991063,-0.132286,0.0813604,0.130481,-0.988107,-0.17882,-0.0382519,1.75568
1709804865436,0.96278,-0.0189859,0.269618,-0.0288662,-0.999047,0.0327281,0.268739,-0.0392928,-0.962411,-0.177314,-0.0371706,1.76155
1709804865651,0.993908,-0.0200816,0.108369,0.00191061,-0.979973,-0.19912,0.110197,0.198114,-0.973965,-0.169391,-0.0390801,1.74971
1709804865865,0.994127,-0.00289217,0.108177,0.00990628,-0.993013,-0.117586,0.107761,0.117967,-0.987153,-0.157356,-0.0371548,1.75428
1709804866080,0.994836,0.0403774,-0.0931141,0.0650597,-0.95787,0.279738,-0.0778961,-0.284351,-0.95555,-0.135352,-0.0358639,1.72375
1709804867156,0.043872,0.934676,0.352784,0.999024,-0.0392267,-0.0203098,-0.00514453,0.353331,-0.935484,0.451161,0.665484,1.90772
1709804868877,0.998361,-0.0109432,0.056181,-0.0234033,-0.973798,0.226206,0.0522336,-0.22715,-0.972458,-0.216143,-0.00557412,1.68104
1709804869091,0.999629,-0.00780048,0.026096,-0.0119061,-0.986869,0.161086,0.0244967,-0.161337,-0.986595,-0.207673,-0.00201607,1.70464
1709804869307,0.974265,0.0396917,0.221882,0.0188468,-0.995272,0.0952859,0.224615,-0.088652,-0.970407,-0.193728,-3.57681e-05,1.71049
1709804869522,0.996859,0.0273509,0.0743231,0.0233951,-0.998289,0.0535831,0.0756615,-0.051676,-0.995794,-0.200437,0.000300194,1.73525
1709804869738,0.982998,0.0139563,0.183084,0.0237306,-0.998401,-0.0513052,0.182075,0.0547776,-0.981758,-0.202292,0.000203193,1.72486
1709804869953,0.985109,0.00678466,0.171796,0.0434341,-0.976631,-0.210489,0.166353,0.214817,-0.962383,-0.194623,-0.00043969,1.72893
1709804870168,0.926382,-0.0635593,0.371184,0.144813,-0.849742,-0.506921,0.34763,0.523354,-0.777981,-0.179642,-0.00479782,1.61469
1709804870382,0.966634,-0.0015258,0.256158,0.050963,-0.978847,-0.198143,0.251042,0.204587,-0.946109,-0.191931,0.00278983,1.73159
1709804870599,0.94875,0.0435833,0.313007,0.0281902,-0.998168,0.0535388,0.314767,-0.0419713,-0.948241,-0.195606,0.00514964,1.7501
1709804870816,0.999583,0.0129108,0.0258372,0.0191707,-0.965651,-0.259136,0.0216041,0.259523,-0.965495,-0.198565,0.00451692,1.7226
1709804871030,0.609429,-0.351786,-0.710523,0.520142,-0.49896,0.693175,-0.598372,-0.792013,-0.121102,-0.0284681,-0.00143681,0.231055
1709804871250,0.999042,0.0277648,0.0338353,0.0297153,-0.997841,-0.0585763,0.0321359,0.0595256,-0.997709,-0.218773,-0.0012106,1.79575
1709804871460,0.997285,0.0504643,-0.0536338,0.0590145,-0.983303,0.17214,-0.0440513,-0.174838,-0.983611,-0.210778,0.000858435,1.77624
1709804871676,0.960528,0.0762016,0.267543,0.0729053,-0.997091,0.0222482,0.26846,-0.00186472,-0.963289,-0.202012,-0.000145035,1.79618
1709804871891,0.99768,0.0653403,0.0191232,0.0613519,-0.984633,0.163503,0.0295127,-0.16195,-0.986358,-0.208278,0.00124299,1.79074
1709804872108,0.581688,-0.365736,-0.726551,0.536049,-0.499453,0.680587,-0.611793,-0.785356,-0.0944731,-0.0199765,-0.000994465,0.159113
1709804872323,0.999524,0.0284183,-0.0120046,0.0303941,-0.973781,0.22545,-0.00528297,-0.225707,-0.974181,-0.215456,-0.000320341,1.75551
1709804872539,0.986283,0.0511299,0.156947,0.0340952,-0.993416,0.109373,0.161506,-0.102522,-0.981532,-0.222961,0.00067645,1.77709
1709804872753,0.998113,0.0550337,0.0272362,0.0500989,-0.986324,0.157022,0.0355052,-0.155361,-0.987219,-0.221229,0.00123963,1.77449
1709804872970,0.952005,0.0326627,0.304335,0.0286037,-0.999433,0.0177875,0.304744,-0.00822865,-0.952399,-0.21861,0.00250779,1.77663
1709804873184,0.443287,-0.524562,0.726864,0.478941,-0.546832,-0.686724,0.757702,0.652541,0.00883094,-0.00917907,-0.00106886,0.0764304
1709804873400,0.990023,-0.000785861,0.140902,0.0353308,-0.966654,-0.253637,0.136403,0.256085,-0.956982,-0.230857,0.00178567,1.75177
1709804873616,0.950696,0.00838733,0.310012,0.017764,-0.999466,-0.0274354,0.309616,0.0315897,-0.950337,-0.233731,0.00320684,1.77765
1709804873832,0.998048,0.0385725,0.0491071,0.028391,-0.980725,0.193321,0.0556174,-0.19155,-0.979906,-0.23698,0.00058485,1.78272
1709804874048,0.489002,-0.499984,0.714768,0.414554,-0.58776,-0.694754,0.767478,0.636046,-0.0801455,-0.0373861,-0.0019194,0.297892
1709804874262,0.656684,-0.327554,-0.679319,0.421418,-0.587632,0.690721,-0.625438,-0.739863,-0.247851,-0.0669648,-0.00206431,0.538977
1709804874479,0.998958,0.0346207,0.0297313,0.0293251,-0.986182,0.163052,0.0349654,-0.16201,-0.986169,-0.221244,-0.00463745,1.79488
1709804874695,0.999368,0.00616283,0.035007,0.00834713,-0.998004,-0.0625967,0.0345514,0.0628493,-0.997425,-0.22057,-0.00459991,1.79676
1709804874911,0.892893,-0.0912157,-0.440933,0.156741,-0.855051,0.494287,-0.422107,-0.510457,-0.749172,-0.183016,-0.00658649,1.49809
1709804875126,0.999521,0.0294862,-0.00941724,0.0308619,-0.972712,0.229955,-0.00237974,-0.230136,-0.973156,-0.221747,-0.00537008,1.79312
1709804875341,0.952925,-0.00487588,0.303166,0.00769247,-0.99916,-0.040249,0.303108,0.0406864,-0.952087,-0.220856,-0.00525018,1.79396
1709804875558,0.953662,-0.026297,0.299727,-0.0132921,-0.998883,-0.0453459,0.300585,0.0392607,-0.952947,-0.215796,-0.0035979,1.79368
1709804875773,0.988593,0.00542868,0.150514,0.0223276,-0.99359,-0.110814,0.148947,0.11291,-0.982378,-0.213252,-0.00348636,1.83581
1709804875987,0.960943,0.00317495,0.276728,0.00098884,-0.999967,0.00803905,0.276745,-0.00745143,-0.960915,-0.206626,-0.00345705,1.83984
1709804876205,0.9964,0.00792542,-0.0844084,0.0104375,-0.999514,0.0293617,-0.0841347,-0.030137,-0.995999,-0.204048,-0.00528021,1.91716
1709804876419,0.997038,0.00493373,0.076747,-0.00510847,-0.991487,0.130104,0.0767356,-0.13011,-0.988526,-0.19934,-0.00388899,2.02774
1709804876636,0.447108,-0.49949,0.742027,0.488153,-0.558881,-0.670342,0.749534,0.661938,-0.0060529,-0.00399407,-0.00100244,0.0555504
1709804876852,0.968857,0.104644,0.224421,0.0768867,-0.988651,0.129064,0.23538,-0.107789,-0.965908,-0.180049,-0.0100287,2.1174
1709804877068,0.99443,0.0917539,0.0518611,0.0659811,-0.925669,0.372537,0.0821879,-0.36704,-0.926567,-0.227957,-0.0162041,2.20152
1709804877284,0.991129,0.0333296,-0.128656,0.0423237,-0.9968,0.0678188,-0.125984,-0.0726624,-0.989368,-0.240625,-0.0162695,2.20459
1709804877500,0.998309,0.0474476,-0.0335881,0.0433753,-0.992644,-0.113034,-0.0387042,0.111386,-0.993023,-0.256033,-0.0183267,2.32084
1709804877714,0.421664,-0.523809,0.740151,0.496773,-0.549414,-0.671834,0.758562,0.650975,0.0285456,-0.00175799,-0.000609414,0.0212807
1709804877931,0.982652,0.0489502,0.178881,0.011038,-0.978265,0.207064,0.185128,-0.201498,-0.961835,-0.27924,-0.0103383,2.46991
1709804878145,0.982652,0.0489502,0.178881,0.011038,-0.978265,0.207064,0.185128,-0.201498,-0.961835,-0.27924,-0.0103383,2.46991
1709804878362,0.982652,0.0489502,0.178881,0.011038,-0.978265,0.207064,0.185128,-0.201498,-0.961835,-0.27924,-0.0103383,2.46991
1709804878578,0.998924,0.0451523,-0.0106044,0.0463527,-0.963911,0.262159,0.00161534,-0.262368,-0.964966,-0.220278,-0.0194907,2.61249
1709804878794,0.954617,-0.000814927,0.297835,0.0381627,-0.991419,-0.125031,0.295381,0.130723,-0.946394,-0.177423,-0.0109879,2.59728
1709804879009,0.998026,0.055275,0.0298028,0.0459153,-0.96607,0.254165,0.0428406,-0.252295,-0.966702,-0.153227,-0.00744462,2.69582
1709804879226,0.997435,0.0695441,0.0169479,0.0668106,-0.989487,0.128261,0.0256895,-0.1268,-0.991596,-0.141979,-0.010865,2.81474
1709804879442,0.942638,0.00820422,-0.333715,0.0687821,-0.98302,0.17012,-0.326653,-0.183316,-0.927197,-0.140966,-0.0117234,2.65799
1709804879658,0.993568,0.0613731,0.0951639,0.0378247,-0.971993,0.231945,0.106734,-0.226853,-0.968063,-0.160739,-0.0128109,2.87361
1709804879874,0.987541,0.0484711,0.149712,0.0295,-0.991536,0.126432,0.154573,-0.120441,-0.980613,-0.189216,-0.0143366,2.95862
1709804880090,0.990837,0.0150531,0.13422,0.048783,-0.966569,-0.251722,0.125944,0.255963,-0.958447,-0.204582,-0.014227,2.93683
1709804880306,0.997281,0.0652408,0.0342659,0.0530507,-0.958344,0.280647,0.0511481,-0.278066,-0.959199,-0.214011,-0.011229,2.98226
1709804880520,0.986862,0.0652421,0.147806,0.0319157,-0.975536,0.217512,0.158381,-0.209937,-0.964802,-0.232455,-0.00419249,3.02374
1709804880737,0.565981,-0.3892,-0.726766,0.520664,-0.514747,0.681135,-0.639198,-0.76391,-0.0886945,-0.0227013,-0.00124541,0.278581
1709804880953,0.899442,-0.0429651,0.434923,0.0709928,-0.967575,-0.242401,0.431235,0.248902,-0.867228,-0.233118,-0.00447662,2.9421
1709804881173,0.997643,0.050841,0.0460759,0.0388686,-0.972153,0.231101,0.0565423,-0.228765,-0.971838,-0.267652,-0.0122942,3.20713
1709804881601,0.992714,0.0441031,0.112132,0.0342182,-0.995479,0.0885994,0.115533,-0.0841169,-0.989736,-0.279646,-0.0123992,3.25754
1709804881817,0.992526,0.0726925,0.0980226,0.0430458,-0.960144,0.276173,0.114191,-0.269889,-0.956096,-0.263216,-0.0096256,3.20963
1709804882033,0.995857,0.0898556,0.0139363,0.0797571,-0.93678,0.340708,0.0436698,-0.338185,-0.940066,-0.255921,-0.0107425,3.27087
1709804882247,0.991224,0.0316984,0.128334,0.0730907,-0.940348,-0.332271,0.110146,0.338735,-0.934412,-0.23913,-0.00516794,3.21563
1709804882462,0.999562,0.0295468,0.00141803,0.0280756,-0.962708,0.269083,0.00931567,-0.268925,-0.963116,-0.248053,-0.00069165,3.26426
1709804882681,0.837246,-0.125831,-0.532152,0.138569,-0.892579,0.429071,-0.528979,-0.432978,-0.729871,-0.194687,0.00470302,2.58442
1709804882897,0.991988,0.0513455,0.11543,0.0206333,-0.967263,0.252937,0.124639,-0.248529,-0.960572,-0.231096,0.00744623,3.32695
1709804883112,0.818584,-0.166711,-0.549662,0.292531,-0.702546,0.648733,-0.494314,-0.691835,-0.526324,-0.148655,-0.00299364,2.3412
1709804883329,0.71716,-0.307141,0.625576,0.343454,-0.625301,-0.700741,0.6064,0.7174,-0.342952,-0.11042,-0.000800829,1.73231
1709804883543,0.916859,-0.0928856,0.388255,0.0901219,-0.89929,-0.427967,0.388905,0.427376,-0.816151,-0.209863,0.0124489,3.22938
1709804883761,0.968574,-0.00194459,-0.248717,0.00484917,-0.999632,0.0266996,-0.248678,-0.0270666,-0.968208,-0.219262,0.0202254,3.49363
1709804883975,0.997743,-0.0248041,0.0624022,-0.0173923,-0.993023,-0.11663,0.0648597,0.115281,-0.991213,-0.224685,0.0238523,3.58283
1709804884197,0.996889,0.0123017,0.0778521,-0.0144113,-0.942645,0.333486,0.0774893,-0.33357,-0.939535,-0.218435,0.0156531,3.47152
1709804884625,0.493704,-0.54226,0.679861,0.46619,-0.494923,-0.733293,0.734114,0.678974,0.00845072,-0.00416626,-0.000300868,0.0659733
1709804884840,0.937842,-0.0805877,-0.337577,-0.0461034,-0.992976,0.108965,-0.343987,-0.0866281,-0.93497,-0.238572,0.014901,3.50474
1709804885485,0.969242,0.056383,-0.239565,0.0496458,-0.998186,-0.0340698,-0.241052,0.0211285,-0.970282,-0.22422,0.00454201,3.74198
1709804886351,0.992454,0.0810552,-0.0920044,0.0746082,-0.994648,-0.071477,-0.0973056,0.0640734,-0.99319,-0.220186,-0.00748004,4.15389
1709804886567,0.992454,0.0810552,-0.0920044,0.0746082,-0.994648,-0.071477,-0.0973056,0.0640734,-0.99319,-0.220186,-0.00748004,4.15389
1709804886785,0.998155,-0.0305751,0.0524497,-0.011534,-0.943694,-0.330618,0.0596052,0.329403,-0.942306,-0.215082,-0.00813677,3.98511
1709804887864,0.902037,-0.188843,0.388159,0.139468,-0.723493,-0.676096,0.408506,0.664,-0.62628,-0.0976881,-0.0308881,3.33795
1709804888081,0.6162,-0.444017,-0.650497,0.356209,-0.579513,0.732994,-0.702433,-0.683384,-0.198933,-0.0248522,-0.0105823,1.24205
1709804888297,0.838379,-0.185555,-0.512532,0.0464004,-0.912569,0.406282,-0.543109,-0.3644,-0.756469,-0.0523051,-0.0158454,3.44232
1709804888513,0.980303,-0.0509548,-0.190815,-0.0748647,-0.989914,-0.120269,-0.182763,0.132185,-0.97423,-0.0357579,-0.0124839,4.11209
1709804888727,0.980303,-0.0509548,-0.190815,-0.0748647,-0.989914,-0.120269,-0.182763,0.132185,-0.97423,-0.0357579,-0.0124839,4.11209
1709804889809,0.510534,-0.513847,-0.689432,0.491934,-0.483068,0.724324,-0.705235,-0.708947,0.00615681,0.0016684,-0.00106305,0.171001
1709804890456,0.713881,-0.364589,0.59787,0.375205,-0.521732,-0.76617,0.591265,0.771278,-0.235659,0.0174137,-0.00291562,1.4277
1709804891105,0.666332,-0.376726,0.64349,0.440751,-0.497097,-0.747418,0.601448,0.781647,-0.165189,0.0126643,0.00194726,0.949115
1709804891322,0.958784,0.0317613,-0.282354,-0.0232801,-0.98161,-0.189471,-0.283179,0.188235,-0.940413,0.0638655,0.0331851,4.89108
1709804891753,0.952259,-0.0430809,-0.302237,-0.0812442,-0.990055,-0.114853,-0.294283,0.133925,-0.946288,0.0598273,0.0377048,4.71772
1709804891970,0.506412,-0.51978,-0.688023,0.4828,-0.490191,0.725684,-0.714458,-0.699673,0.00271111,0.00214012,0.0010334,0.154049
1709804892186,0.857666,-0.195238,0.475701,0.242227,-0.662641,-0.708684,0.453581,0.723042,-0.521033,0.043139,0.0224739,3.28995
1709804892402,0.857666,-0.195238,0.475701,0.242227,-0.662641,-0.708684,0.453581,0.723042,-0.521033,0.043139,0.0224739,3.28995
1709804892618,0.857666,-0.195238,0.475701,0.242227,-0.662641,-0.708684,0.453581,0.723042,-0.521033,0.043139,0.0224739,3.28995
1709804893050,0.984966,-0.0606944,0.161734,0.0117903,-0.910442,-0.413469,0.172344,0.409159,-0.896039,0.0748983,0.0402612,4.64926
1709804893266,0.522773,-0.504639,-0.687057,0.470346,-0.501434,0.726181,-0.710973,-0.702782,-0.0247816,0.00502268,0.00241547,0.330826
1709804893481,0.522773,-0.504639,-0.687057,0.470346,-0.501434,0.726181,-0.710973,-0.702782,-0.0247816,0.00502268,0.00241547,0.330826
1709804893913,0.537549,-0.451349,-0.712267,0.379887,-0.624486,0.682425,-0.752813,-0.637418,-0.16423,0.0234117,0.00901259,1.22085
1709804894130,0.479529,-0.489881,-0.728058,0.509509,-0.520066,0.685515,-0.71446,-0.699677,0.000212278,0.00334832,0.00107282,0.195373
1709804894563,0.962113,-0.0214818,0.271803,-0.0622572,-0.987864,0.1423,0.265447,-0.15383,-0.951774,0.0740168,0.0390635,4.61794
1709804894779,0.983982,0.000350176,-0.178268,0.0877143,-0.871525,0.482443,-0.155196,-0.490352,-0.857595,0.0839621,0.0279778,4.63449
1709804895210,0.978181,-0.00699935,0.207637,-0.0520598,-0.975804,0.212361,0.201126,-0.218537,-0.954877,0.0990508,0.0298346,4.56782
1709804895427,0.675912,-0.371158,0.636698,0.419076,-0.517089,-0.74632,0.606232,0.771272,-0.193964,0.0263458,0.000789595,1.0251
1709804895642,0.508412,-0.517533,-0.688242,0.477171,-0.495996,0.725462,-0.716816,-0.697243,-0.00521928,0.0076168,0.000880508,0.27541
1709804896291,0.508412,-0.517533,-0.688242,0.477171,-0.495996,0.725462,-0.716816,-0.697243,-0.00521928,0.0076168,0.000880508,0.27541
1709804896722,0.643641,-0.330546,-0.690265,0.439615,-0.578601,0.686994,-0.626471,-0.745628,-0.227098,0.06004,0.0031942,1.68229
1709804896940,0.643641,-0.330546,-0.690265,0.439615,-0.578601,0.686994,-0.626471,-0.745628,-0.227098,0.06004,0.0031942,1.68229
1709804897155,0.504829,-0.41921,0.754593,0.525788,-0.543962,-0.653951,0.684613,0.726889,-0.0541922,0.00112435,-0.000147916,0.0196666
1709804897585,0.938368,0.00175365,0.345634,0.0983143,-0.960035,-0.262044,0.331362,0.279874,-0.901038,0.144975,0.032561,3.67655
1709804898020,0.889831,-0.0431327,0.454247,0.0582845,-0.976623,-0.206909,0.452552,0.210589,-0.866515,0.0919898,0.0373879,3.32362
1709804898235,0.857102,-0.0808033,0.508769,0.165511,-0.892065,-0.420507,0.487834,0.444625,-0.751217,0.0920321,0.0328878,3.04061
1709804898452,0.995748,0.0871594,-0.0298039,0.0724724,-0.940995,-0.33057,-0.0568576,0.327005,-0.943311,0.114065,0.037474,3.5389
1709804898668,0.995748,0.0871594,-0.0298039,0.0724724,-0.940995,-0.33057,-0.0568576,0.327005,-0.943311,0.114065,0.037474,3.5389
1709804898884,0.724533,-0.219637,-0.653309,0.376402,-0.667953,0.641998,-0.577385,-0.711055,-0.401282,0.0887464,0.0200403,2.11566
1709804899098,0.962053,0.0877584,0.258367,0.0770298,-0.995704,0.0513792,0.261766,-0.0295276,-0.96468,0.140097,0.038433,3.26211
1709804899316,0.586424,-0.332533,0.738599,0.466898,-0.606352,-0.643695,0.661901,0.722329,-0.20032,0.029035,0.0041666,0.675041
1709804899746,0.88703,-0.0718696,-0.456083,0.25781,-0.742375,0.618395,-0.383029,-0.666119,-0.639981,0.0321365,0.0199632,2.59453
1709804899964,0.85589,-0.0559178,0.514126,0.226424,-0.853273,-0.469742,0.464957,0.518458,-0.717646,0.0204697,0.021724,2.39282
1709804900179,0.993701,0.107699,-0.0309634,0.0996231,-0.975534,-0.195982,-0.0513129,0.191663,-0.980118,0.0160194,0.0346441,2.81896
1709804900396,0.972251,0.109783,-0.206583,0.0939,-0.991929,-0.0852086,-0.21427,0.0634459,-0.974712,0.031551,0.0472272,2.68358
1709804900612,0.983533,0.0703783,0.166463,0.0729908,-0.997286,-0.00962117,0.165334,0.021613,-0.986001,0.0491979,0.035819,2.65652
1709804900828,0.521281,-0.407453,0.749832,0.508597,-0.557231,-0.656371,0.68527,0.723516,-0.083245,0.00382942,0.0011748,0.134679
1709804901044,0.9698,0.0579065,-0.236926,0.0457436,-0.997353,-0.0565199,-0.239572,0.0439752,-0.969882,0.0464847,0.0465542,2.37295
1709804901261,0.694371,-0.266387,-0.668496,0.395194,-0.63518,0.663602,-0.60139,-0.724972,-0.335776,0.0146091,0.0209041,1.19261
1709804901477,0.996899,0.0326877,-0.0715747,0.0408534,-0.992435,0.115771,-0.067249,-0.118336,-0.990694,0.00479729,0.0472145,2.16038
1709804901694,0.978531,0.0390299,0.202371,0.0454173,-0.998603,-0.0270142,0.201034,0.0356253,-0.978936,0.0105938,0.048181,2.05241
1709804901909,0.99597,0.0525196,-0.0726956,0.0590956,-0.994052,0.0914809,-0.0674586,-0.0954082,-0.99315,0.0225704,0.0556586,1.95737
1709804902124,0.994935,0.0486249,-0.087977,0.0567636,-0.994093,0.0925069,-0.0829592,-0.0970323,-0.991818,0.0390019,0.0566605,1.87027
1709804902341,0.986746,0.0209775,-0.160909,0.043362,-0.989636,0.136893,-0.156369,-0.142056,-0.97743,0.045787,0.0567266,1.76521
1709804902557,0.98461,0.0275939,-0.172576,0.0514877,-0.989432,0.135551,-0.167012,-0.14235,-0.975625,0.0544117,0.0601064,1.67607
1709804902772,0.982483,0.046013,0.180584,0.0449827,-0.99894,0.00979863,0.180843,-0.00150383,-0.983511,0.054403,0.063467,1.56241
1709804902990,0.993023,0.0539464,0.10486,0.0425294,-0.993217,0.108219,0.109987,-0.103004,-0.988581,0.0296619,0.0583224,1.48221
1709804903204,0.996533,0.071707,-0.0421944,0.0593561,-0.968109,-0.243396,-0.058302,0.240047,-0.969009,0.00821931,0.0481632,1.37904
1709804903420,0.978602,0.0764603,-0.191028,0.0744896,-0.997068,-0.0174865,-0.191805,0.00288273,-0.981429,0.00388035,0.0484877,1.30857
1709804903637,0.96724,0.0593447,0.246831,0.0671575,-0.997469,-0.0233473,0.244821,0.039159,-0.968777,0.00082647,0.0585264,1.1925
1709804903854,0.992951,0.0885214,-0.078814,0.0693757,-0.973239,-0.219071,-0.0960974,0.212059,-0.972521,0.00881628,0.0574585,1.12112
1709804904070,0.978983,0.0326215,-0.201314,0.0536784,-0.993534,0.100041,-0.196749,-0.108745,-0.974405,0.0121403,0.0558103,1.04738
1709804904286,0.975439,0.0280143,-0.218483,0.0390088,-0.998172,0.0461708,-0.21679,-0.0535596,-0.974748,0.0125935,0.0585876,0.972873
1709804904503,0.970266,0.0261438,-0.240626,0.0363077,-0.998622,0.0379026,-0.239303,-0.0455122,-0.969878,0.00933846,0.0633106,0.908429
1709804904719,0.99248,0.0705669,-0.100022,0.0426844,-0.965331,-0.257515,-0.114726,0.251309,-0.961084,-0.00403935,0.0630619,0.841295
1709804904935,0.993538,0.0797689,-0.0807406,0.0492862,-0.944022,-0.326179,-0.10224,0.320091,-0.941854,-0.0149494,0.0600535,0.774153
1709804905150,0.994924,0.0743722,-0.0677856,0.0458163,-0.934545,-0.352883,-0.0895934,0.347987,-0.933209,-0.0270706,0.058225,0.715396
1709804905365,0.995482,0.0814384,-0.0488217,0.0557115,-0.917329,-0.394212,-0.0768896,0.389711,-0.917722,-0.0313526,0.0586839,0.671927
1709804905581,0.96716,0.0214811,-0.253257,0.0579068,-0.98884,0.137267,-0.247482,-0.147424,-0.957611,-0.0282648,0.0656397,0.654241
1709804905798,0.996225,0.0663386,0.0559982,0.0721134,-0.991495,-0.108338,0.048335,0.111967,-0.992536,-0.0146596,0.0699182,0.634153
1709804906016,0.99817,0.0381647,0.0469007,0.0440752,-0.990236,-0.132247,0.0413956,0.134073,-0.990107,-0.0122189,0.0703184,0.614436
1709804906229,0.926518,0.0187498,-0.375783,0.0539061,-0.995069,0.0832598,-0.372369,-0.0973986,-0.92296,-0.00363662,0.0649225,0.547731
1709804906445,0.932292,0.0398292,-0.359508,0.0567385,-0.997718,0.0366016,-0.35723,-0.0545213,-0.932424,-0.00104641,0.0657755,0.549139
1709804906662,0.977628,0.0636489,0.20048,0.0540356,-0.997128,0.0530698,0.203282,-0.0410495,-0.978259,0.00324998,0.0771382,0.610925
1709804906880,0.961455,0.0462148,0.271052,0.0284011,-0.997193,0.0692807,0.273493,-0.058912,-0.960068,-0.00886918,0.0756199,0.626814
1709804907096,0.960298,0.0608179,0.272266,0.0400852,-0.995901,0.0810783,0.276081,-0.0669455,-0.9588,-0.0205239,0.0771908,0.686896
1709804907311,0.954651,0.0386697,0.295206,0.0295411,-0.998939,0.0353217,0.296259,-0.0249992,-0.95478,-0.0374037,0.0755676,0.744169
1709804907526,0.997388,0.0284939,-0.0663718,0.0336892,-0.996343,0.0785203,-0.0638917,-0.0805512,-0.994701,-0.041486,0.0690748,0.803922
1709804907744,0.967961,0.0238458,0.249967,0.0163905,-0.999358,0.0318644,0.250567,-0.0267464,-0.96773,-0.0416445,0.0668136,0.848963
1709804907958,0.992804,0.0208012,-0.117929,0.0346425,-0.992579,0.116565,-0.114629,-0.119812,-0.986157,-0.0379536,0.0569458,0.914111
1709804908175,0.987979,0.0625159,0.14138,0.0510594,-0.995219,0.0832601,0.145909,-0.0750405,-0.986448,-0.0340382,0.0569073,0.924532
1709804908390,0.966141,0.0478356,0.25354,0.0314498,-0.997169,0.0682942,0.256089,-0.058008,-0.964911,-0.0429462,0.0548915,0.924513
1709804908609,0.962182,0.0320388,0.270517,0.0206398,-0.998779,0.0448786,0.271625,-0.0375979,-0.961668,-0.0456255,0.0566607,0.926142
1709804908825,0.995075,0.0279081,-0.0951106,0.0413391,-0.988958,0.142315,-0.0900887,-0.145546,-0.985241,-0.0416065,0.0577496,0.96568
1709804909038,0.98476,0.0512207,0.166208,0.0438263,-0.997892,0.0478583,0.168309,-0.0398447,-0.984929,-0.0348672,0.0610781,0.989847
1709804909257,0.998592,0.0252535,-0.0466578,0.0304644,-0.992947,0.114582,-0.0434351,-0.115842,-0.992317,-0.0398814,0.0691451,1.02672
1709804909473,0.998969,0.0447463,0.00760822,0.0435065,-0.991768,0.120432,0.0129345,-0.119977,-0.992692,-0.0340029,0.0648259,1.06116
1709804909689,0.986678,0.0353783,0.158795,0.0224004,-0.996316,0.0827861,0.161139,-0.0781261,-0.983835,-0.0444629,0.0616471,1.0649
1709804909904,0.98486,0.0429622,0.167942,0.0291798,-0.996064,0.0836906,0.170876,-0.077523,-0.982238,-0.0515435,0.0629363,1.07806
1709804910121,0.992999,0.0316608,0.113797,0.0173469,-0.99205,0.12464,0.116839,-0.121793,-0.985655,-0.0714633,0.0623843,1.09735
1709804910337,0.995608,0.0535808,0.0767732,0.0447336,-0.992627,0.112652,0.0822431,-0.108723,-0.990664,-0.0762758,0.0545424,1.13314
1709804910554,0.993474,0.0493179,0.102841,0.0379241,-0.993214,0.109942,0.107566,-0.105324,-0.988603,-0.0907466,0.0503311,1.157
1709804910768,0.998272,0.0496941,0.0313751,0.0474675,-0.996548,0.0681145,0.0346516,-0.0665075,-0.997184,-0.0945734,0.0494727,1.1771
1709804910986,0.998521,0.036503,-0.0403004,0.0420082,-0.988464,0.145511,-0.034524,-0.146988,-0.988536,-0.0934374,0.0473314,1.17743
1709804911200,0.991111,0.0337193,-0.128693,0.0433548,-0.996402,0.0728202,-0.125774,-0.0777524,-0.989007,-0.0817515,0.0506855,1.14818
1709804911418,0.993167,0.0314276,-0.112389,0.0408811,-0.995725,0.0828238,-0.109305,-0.0868525,-0.990207,-0.0736266,0.0529976,1.09304
1709804911633,0.99126,0.0470087,-0.123263,0.0581525,-0.994384,0.0884249,-0.118414,-0.0948201,-0.988427,-0.0626663,0.0488579,1.03795
1709804911850,0.995587,0.0728333,-0.0591829,0.0529545,-0.956628,-0.28646,-0.0774798,0.282061,-0.956263,-0.0734056,0.0497306,0.937058
1709804912065,0.986943,0.0410499,-0.155752,0.0611635,-0.990063,0.12663,-0.149006,-0.134502,-0.979646,-0.0751914,0.0551501,0.894299
1709804912282,0.992889,0.06613,0.0989907,0.0684479,-0.99745,-0.0202017,0.0974024,0.0268338,-0.994883,-0.0728402,0.0569402,0.854254
1709804912498,0.997216,0.0452774,0.0592551,0.0622101,-0.943253,-0.326197,0.0411232,0.328975,-0.943443,-0.0711704,0.0491346,0.801145
1709804912713,0.988996,0.0514853,-0.138696,0.0734323,-0.98469,0.158096,-0.128433,-0.166541,-0.977635,-0.0594851,0.0528885,0.795997
1709804912929,0.9968,0.0560914,0.0569552,0.0581083,-0.997718,-0.0343955,0.0548959,0.037595,-0.997784,-0.0557139,0.0526154,0.777693
1709804913146,0.947357,0.037353,-0.317992,0.068556,-0.993802,0.0875041,-0.312753,-0.104698,-0.944047,-0.0487449,0.0487826,0.673127
1709804913363,0.943008,0.0563531,0.327963,0.0420746,-0.997839,0.0504769,0.330099,-0.0338012,-0.943341,-0.0462448,0.0575481,0.730538
1709804913577,0.927752,0.0520794,0.369546,0.0347228,-0.997966,0.0534693,0.371579,-0.0367746,-0.927673,-0.052468,0.0546011,0.72732
1709804913793,0.999206,0.0397993,0.00163092,0.0365631,-0.900174,-0.433994,-0.0158045,0.433709,-0.900914,-0.0730885,0.0480725,0.697884
1709804914011,0.997778,0.024326,-0.0620241,0.0311028,-0.993362,0.11075,-0.0589182,-0.112433,-0.991911,-0.0730365,0.0569112,0.729924
1709804914226,0.909304,0.0343155,0.414714,0.0071538,-0.997736,0.0668721,0.41607,-0.0578403,-0.907491,-0.0708204,0.056714,0.702635
1709804914442,0.996221,0.0163024,-0.0853142,0.02776,-0.990472,0.134889,-0.0823023,-0.136748,-0.987181,-0.0762891,0.0548938,0.735071
1709804914658,0.995833,0.0372184,-0.0832539,0.0454059,-0.994079,0.0987186,-0.0790868,-0.102087,-0.991627,-0.0690732,0.0549422,0.739257
1709804914875,0.981805,0.0300271,-0.187503,0.0275874,-0.999498,-0.0156083,-0.187877,0.0101516,-0.98214,-0.0747684,0.0550374,0.751896
1709804915092,0.885629,0.0252205,-0.463709,0.023101,-0.999681,-0.0102511,-0.463819,-0.00163345,-0.885928,-0.0750334,0.0544581,0.760322
1709804915308,0.742439,0.0247301,-0.669457,0.0211057,-0.999686,-0.0135224,-0.669581,-0.00408975,-0.742728,-0.0781306,0.0591553,0.75797
1709804915521,0.573733,0.0294939,-0.818511,0.00994969,-0.999529,-0.0290424,-0.818982,0.00851865,-0.573757,-0.073999,0.0594395,0.79195
1709804916388,0.70224,-0.0212875,-0.711622,-0.00101133,-0.999582,0.0289036,-0.71194,-0.0195775,-0.701967,-0.0742814,0.0592957,0.772465
1709804916603,0.858909,-0.0137506,-0.511943,0.00450274,-0.999398,0.0343979,-0.512108,-0.0318498,-0.85833,-0.067869,0.0570096,0.774871
1709804916820,0.939829,-0.00518163,-0.341607,-0.0036224,-0.99998,0.00520213,-0.341627,-0.00365168,-0.939829,-0.0672074,0.0535613,0.780206
1709804917036,0.979544,-0.000985866,-0.20123,0.00171522,-0.999911,0.0132481,-0.201225,-0.0133222,-0.979454,-0.0612631,0.0512815,0.782454
1709804917253,0.998729,0.0237789,-0.0444392,0.0104378,-0.960176,-0.279199,-0.0493085,0.278381,-0.959204,-0.0607818,0.0477006,0.761966
1709804917469,0.955782,0.000435926,-0.294076,0.0306223,-0.99471,0.0980518,-0.292477,-0.102721,-0.950739,-0.05662,0.0428804,0.694761
1709804917684,0.964689,0.0125932,0.263091,-0.00023948,-0.998814,0.0486878,0.263392,-0.0470316,-0.963542,-0.0598584,0.0525958,0.776408
1709804917901,0.918287,-0.0104183,0.395779,-0.0127685,-0.999913,0.00330442,0.39571,-0.00808792,-0.91834,-0.0660946,0.0543665,0.788646
1709804918115,0.866748,0.00917829,0.498662,0.00302949,-0.999909,0.0131385,0.498737,-0.00987704,-0.866697,-0.0604098,0.0543147,0.792681
1709804918333,0.765389,0.0298179,0.642877,0.00110543,-0.998986,0.0450189,0.643567,-0.0337463,-0.764645,-0.0641812,0.057185,0.796118
1709804918765,0.34175,0.0118778,0.939716,-0.0349159,-0.999069,0.0253261,0.939142,-0.0414662,-0.341017,-0.0644507,0.0610102,0.799446
1709804920061,0.42004,-0.0117067,0.90743,0.0129656,-0.999737,-0.0188992,0.907413,0.0197038,-0.419777,-0.0625452,0.059084,0.829591
1709804920278,0.619393,-0.00140299,0.78508,0.0367341,-0.998851,-0.0307666,0.784222,0.0478958,-0.61863,-0.066541,0.0586884,0.844979
1709804920493,0.778602,-0.00114437,0.627517,0.0337453,-0.998475,-0.0436909,0.62661,0.0551935,-0.777376,-0.0711532,0.0576595,0.833551
1709804920709,0.885432,-0.00606931,0.46473,0.0131721,-0.999185,-0.0381456,0.464582,0.0398968,-0.884631,-0.0781188,0.0589189,0.827775
1709804920927,0.923121,-0.0209116,0.38394,-0.000252084,-0.998553,-0.0537809,0.384509,0.0495495,-0.921791,-0.0796485,0.0588809,0.808167
1709804921142,0.93609,-0.00520619,0.351723,-0.0127322,-0.999737,0.0190878,0.351531,-0.0223461,-0.93591,-0.0816749,0.0619871,0.795085
1709804921358,0.991766,-0.0265698,0.125274,-0.0132858,-0.994309,-0.105705,0.127369,0.103171,-0.986475,-0.0899489,0.0605465,0.815782
1709804921574,0.978981,-0.015502,0.203362,-0.00997253,-0.999553,-0.0281867,0.203708,0.0255662,-0.978698,-0.0835311,0.0608413,0.809404
1709804921791,0.995266,-0.0235082,-0.0943003,-0.00802883,-0.986876,0.161281,-0.0968541,-0.159761,-0.982393,-0.0823298,0.0598465,0.807503
1709804922007,0.99395,-0.0167469,-0.108546,0.00191813,-0.985509,0.169613,-0.109813,-0.168795,-0.979515,-0.0701903,0.0587317,0.818897
1709804922223,0.981774,-0.0335703,-0.187061,-0.000901229,-0.985087,0.172055,-0.190048,-0.168751,-0.967163,-0.0582497,0.0581794,0.824884
1709804922440,0.973761,-0.0245226,-0.226247,-5.16802e-06,-0.99418,0.107735,-0.227572,-0.104907,-0.968094,-0.0437381,0.0585308,0.834886
1709804922655,0.97156,-0.0105224,-0.236559,0.00953935,-0.996462,0.0835022,-0.236601,-0.0833841,-0.968022,-0.0308235,0.0609034,0.838305
1709804922872,0.994852,0.0206738,-0.0992034,-0.0134482,-0.943373,-0.331461,-0.100438,0.331089,-0.938239,-0.0370295,0.0573167,0.816802
1709804923088,0.995029,-0.00395464,-0.0995068,0.00189979,-0.998276,0.0586711,-0.0995673,-0.0585684,-0.993306,-0.0355304,0.0590459,0.839098
1709804923304,0.927102,0.0336371,0.373297,-0.00875291,-0.99375,0.111283,0.374707,-0.106438,-0.921013,-0.0410686,0.0608059,0.782939
1709804923518,0.953783,0.0179812,0.299958,0.00793655,-0.999367,0.0346718,0.300392,-0.0306887,-0.953322,-0.0502113,0.0625203,0.806078
1709804923735,0.942208,0.0231087,0.33423,0.0113032,-0.999243,0.0372235,0.334837,-0.0312944,-0.941756,-0.0534678,0.0606076,0.807368
1709804923951,0.999891,0.00911917,0.0115905,0.00909823,-0.999957,0.00185793,0.0116069,-0.00175227,-0.999931,-0.0646371,0.0608295,0.83119
1709804924168,0.990888,-0.0141148,-0.133947,0.00712637,-0.987607,0.156787,-0.1345,-0.156313,-0.978507,-0.0588413,0.0605821,0.826939
1709804924385,0.98615,-0.0288531,-0.163328,0.0076567,-0.975782,0.21861,-0.16568,-0.216832,-0.962047,-0.0449439,0.0605674,0.823749
1709804924601,0.979523,-0.0315051,-0.198852,0.0140822,-0.974541,0.223769,-0.200839,-0.221987,-0.954141,-0.0185119,0.0575804,0.833918
1709804924816,0.977393,-0.053771,-0.204477,0.0054895,-0.96034,0.278779,-0.211357,-0.273599,-0.938335,0.00742764,0.0537728,0.824669
1709804925033,0.999812,0.0151492,-0.0120947,0.0108559,-0.954469,-0.298114,-0.0160602,0.297927,-0.954454,0.040498,0.0490241,0.847872
1709804925248,0.95651,-0.061144,-0.28522,0.0147489,-0.966397,0.256632,-0.291327,-0.249678,-0.923466,0.0740637,0.0481121,0.860014
1709804925464,0.924868,-0.0567234,-0.376034,0.0333113,-0.972929,0.228693,-0.378827,-0.224037,-0.897941,0.116097,0.0481969,0.882135
1709804925681,0.982475,0.0123894,0.18598,0.0271028,-0.99668,-0.0767803,0.184411,0.0804754,-0.979549,0.152462,0.0497122,0.898451
1709804925897,0.972153,-0.0125319,0.234013,-0.0018431,-0.998947,-0.0458392,0.234341,0.0441314,-0.971152,0.169123,0.0488211,0.894297
1709804926113,0.97166,-0.00289964,0.236364,0.0146014,-0.997279,-0.072259,0.23593,0.0736624,-0.968974,0.197211,0.0489391,0.898642
1709804926329,0.967063,0.00671537,0.254447,0.0142223,-0.999516,-0.0276748,0.254138,0.0303821,-0.966691,0.21824,0.0501525,0.896682
1709804926545,0.960003,0.00634122,0.279917,0.0141145,-0.999568,-0.0257631,0.279632,0.0286836,-0.959679,0.230043,0.0529204,0.889338
1709804926762,0.957617,0.0276413,0.286717,0.0203158,-0.999387,0.0284938,0.287329,-0.0214612,-0.957592,0.234799,0.0568841,0.885636
1709804926978,0.961704,0.0281262,0.272642,0.0209636,-0.999355,0.0291489,0.273286,-0.0223171,-0.961674,0.228385,0.056594,0.896971
1709804927194,0.950702,0.0337673,0.308263,0.020151,-0.99868,0.0472489,0.309452,-0.0387078,-0.950127,0.212581,0.0585706,0.8827
1709804927410,0.959241,0.0480078,0.278482,0.0269937,-0.996524,0.0788114,0.281297,-0.0680819,-0.957202,0.192592,0.0612558,0.886358
1709804927626,0.98047,0.0465246,0.191089,0.0283925,-0.994923,0.096554,0.19461,-0.0892428,-0.976812,0.154436,0.0582978,0.901537
1709804927842,0.957396,0.0320716,0.28699,0.0187385,-0.998619,0.0490858,0.288168,-0.0416168,-0.956675,0.122757,0.0544217,0.881095
1709804928057,0.957436,0.0424859,0.285502,0.0273577,-0.998012,0.056771,0.287347,-0.0465439,-0.956695,0.0935962,0.0515658,0.86633
1709804928269,0.958302,0.0525819,0.280877,0.0261136,-0.994926,0.0971612,0.284561,-0.0857751,-0.954813,0.0609925,0.0511933,0.848081
1709804928482,0.974494,0.0619368,0.215695,0.0266138,-0.986272,0.162968,0.222828,-0.153071,-0.962765,0.0235068,0.0496037,0.833346
1709804928694,0.945746,0.0613092,0.31907,0.0228653,-0.99216,0.122869,0.324101,-0.108907,-0.939733,-0.0112647,0.0512015,0.819639
1709804928907,0.939406,0.068246,0.335944,0.0219929,-0.989962,0.139609,0.342099,-0.123761,-0.931478,-0.0402437,0.0531322,0.802737
1709804929119,0.945886,0.082178,0.313922,0.0210225,-0.980888,0.193432,0.323818,-0.176365,-0.929536,-0.0756404,0.0515072,0.790032
1709804929332,0.923535,0.074333,0.376241,0.0122685,-0.986261,0.164738,0.383318,-0.147526,-0.911759,-0.108598,0.0479409,0.788295
1709804929546,0.867953,0.0900503,0.488415,0.00674152,-0.98547,0.169713,0.496601,-0.144011,-0.855949,-0.141624,0.0478719,0.771067
1709804929757,0.999493,-0.000901523,0.0318308,0.0120053,-0.91517,-0.402888,0.0294939,0.403066,-0.914696,-0.183902,0.0435709,0.762457
1709804929970,0.998021,-0.0137907,0.0613428,0.00599199,-0.950346,-0.311137,0.0625877,0.310889,-0.948383,-0.220645,0.0471235,0.780212
1709804930184,0.9992,-0.0136509,0.0375879,-0.00780355,-0.988423,-0.151525,0.0392211,0.151111,-0.987738,-0.258196,0.0487499,0.800596
1709804930398,0.999669,-0.0228256,0.0118841,-0.0213686,-0.993601,-0.110907,0.0143396,0.110617,-0.99376,-0.287817,0.0490711,0.796993
1709804930611,0.998009,-0.0208736,-0.0595109,-0.0234694,-0.998788,-0.0432593,-0.0585358,0.0445699,-0.99729,-0.314686,0.0492448,0.799823
1709804930824,0.997189,-0.029352,-0.0689383,-0.0328986,-0.998162,-0.0508863,-0.067318,0.0530112,-0.996322,-0.337885,0.0499546,0.800313
1709804931038,0.995477,-0.0299028,-0.0901708,-0.032036,-0.999238,-0.0223035,-0.0894351,0.0250913,-0.995677,-0.356227,0.0509997,0.797693
1709804931252,0.992949,-0.0349166,-0.113284,-0.0361671,-0.999305,-0.00900212,-0.112891,0.0130358,-0.993522,-0.375738,0.0530433,0.795075
1709804931464,0.991847,-0.0427546,-0.120047,-0.0406484,-0.998975,0.01994,-0.120777,-0.0148977,-0.992568,-0.390368,0.0526673,0.79765
1709804931678,0.99277,-0.0404349,-0.113016,-0.0405633,-0.999176,0.00116359,-0.11297,0.00342914,-0.993592,-0.397433,0.0512662,0.794287
1709804931892,0.990238,-0.0563082,-0.127511,-0.0541056,-0.998321,0.0206753,-0.128461,-0.0135744,-0.991622,-0.414522,0.0509453,0.793849
1709804932106,0.968249,-0.0473004,-0.245473,-0.0287348,-0.996486,0.0786716,-0.248332,-0.06912,-0.966206,-0.356372,0.0425508,0.686549
1709804932319,0.971971,-0.0502982,-0.229657,-0.0388089,-0.997771,0.0542768,-0.231875,-0.0438427,-0.971757,-0.36539,0.0435519,0.692442
1709804932534,0.965347,-0.065189,-0.252695,-0.0453318,-0.995465,0.0836286,-0.257001,-0.0692755,-0.963925,-0.37164,0.0444731,0.686245
1709804932747,0.98906,-0.0565668,-0.136237,-0.0496466,-0.997324,0.053671,-0.138908,-0.0463201,-0.989221,-0.435088,0.0501415,0.807194
1709804932962,0.987602,-0.0485549,-0.149279,-0.0344529,-0.994819,0.0956437,-0.153149,-0.0893149,-0.984159,-0.40934,0.051358,0.800662
1709804933175,0.989412,-0.0518893,-0.135543,-0.0307611,-0.987661,0.153557,-0.141838,-0.147762,-0.978799,-0.376027,0.0574485,0.790527
1709804933389,0.977342,-0.0595173,-0.203125,-0.0287155,-0.988064,0.151345,-0.209708,-0.142083,-0.967386,-0.359883,0.0639957,0.856387
1709804933602,0.995929,-0.0368871,-0.0822536,-0.0184768,-0.976605,0.214247,-0.0882322,-0.211855,-0.97331,-0.283997,0.0603744,0.796332
1709804933816,0.995346,-0.0196966,-0.0943318,0.00537612,-0.966015,0.258431,-0.0962161,-0.257736,-0.961413,-0.228563,0.0577647,0.793359
1709804934032,0.998066,-0.00353411,-0.0620562,0.0095373,-0.977852,0.20908,-0.0614207,-0.209267,-0.975928,-0.19095,0.0585928,0.807018
1709804934245,0.993483,-0.0106311,-0.113484,0.0153781,-0.974035,0.225873,-0.112938,-0.226146,-0.967524,-0.156103,0.0594862,0.802246
1709804934461,0.992288,-0.00606365,-0.123805,0.0288426,-0.960092,0.278193,-0.120551,-0.279618,-0.952513,-0.113683,0.0612015,0.790518
1709804934676,0.99077,-0.00402682,-0.135492,0.0252329,-0.976609,0.213537,-0.133183,-0.214985,-0.967493,-0.082735,0.0631503,0.809052
1709804934890,0.98377,-0.0253764,-0.177631,0.0167498,-0.972639,0.231716,-0.178651,-0.230931,-0.956428,-0.0579301,0.0627948,0.812299
1709804935104,0.979135,-0.0210631,-0.202117,0.0266231,-0.972745,0.230345,-0.20146,-0.23092,-0.951888,-0.0241689,0.0641827,0.817371
1709804935318,0.979585,-0.029761,-0.198815,0.0124418,-0.97811,0.207717,-0.200645,-0.20595,-0.957771,-0.00301071,0.0648764,0.823451
1709804935534,0.968408,-0.0246158,-0.248153,0.0333372,-0.973404,0.226655,-0.247132,-0.227768,-0.941832,0.0240276,0.0628065,0.833987
1709804935747,0.967508,-0.0273989,-0.251353,0.0199068,-0.982771,0.183753,-0.252057,-0.182786,-0.950293,0.0418289,0.0611994,0.854503
1709804935962,0.953395,-0.0340281,-0.299799,0.0262777,-0.98048,0.194854,-0.300577,-0.193651,-0.933891,0.0628941,0.0599098,0.851188
1709804936177,0.994811,0.0415121,-0.0928888,0.0075124,-0.940455,-0.339835,-0.101465,0.337374,-0.935887,0.0787336,0.0565503,0.842349
1709804936390,0.939567,-0.0549422,-0.337927,0.00801706,-0.983238,0.182152,-0.34227,-0.173853,-0.923378,0.10827,0.0582312,0.866812
1709804936606,0.979912,-0.00273565,0.199412,0.00151389,-0.999775,-0.0211548,0.199425,0.0210317,-0.979687,0.128238,0.0605919,0.858982
1709804936822,0.904262,0.0099041,0.426863,0.00731993,-0.999944,0.00769427,0.426915,-0.00383303,-0.904284,0.117943,0.0542464,0.717518
1709804937036,0.983304,0.0183503,0.181041,0.0178446,-0.999831,0.00442205,0.181091,-0.00111763,-0.983466,0.139362,0.0616896,0.868222
1709804937249,0.971529,0.0441545,0.232772,0.0316935,-0.997871,0.0570059,0.234793,-0.0480055,-0.970859,0.130476,0.0614067,0.85949
1709804937446,0.989594,0.0584036,0.1315,0.0322573,-0.980705,0.192814,0.140224,-0.186566,-0.972384,0.0904753,0.0605533,0.843502
1709804937660,0.963668,0.0699264,0.257789,0.0490238,-0.995032,0.0866462,0.262567,-0.0708603,-0.962308,0.0555499,0.0592703,0.840865
1709804937875,0.993065,0.0792754,0.0868216,0.0594297,-0.975656,0.2111,0.101443,-0.204477,-0.973601,0.0158765,0.0538591,0.820574
1709804938090,0.963471,0.0606529,0.260853,0.024367,-0.98983,0.140153,0.266701,-0.128677,-0.955151,-0.0270332,0.0521905,0.808247
1709804938322,0.932588,0.0691225,0.354263,0.0191637,-0.98959,0.142637,0.360434,-0.126233,-0.924204,-0.0602577,0.0517851,0.776626
1709804938537,0.90798,0.0531604,0.415627,0.013989,-0.995212,0.0967314,0.418779,-0.082016,-0.904377,-0.0816111,0.0546851,0.774678
1709804938752,0.999827,0.0156239,0.0101103,0.0181047,-0.942338,-0.334172,0.00430624,0.334297,-0.942458,-0.105263,0.0525042,0.77377
1709804938967,0.933264,0.0336926,0.357607,0.0233162,-0.999174,0.0332897,0.358433,-0.0227301,-0.933279,-0.099974,0.0610483,0.774273
1709804939183,0.995339,0.00294679,0.0963971,0.020585,-0.982991,-0.182499,0.0942196,0.183633,-0.978469,-0.102993,0.0601092,0.772805
1709804939398,0.994318,0.0155557,0.105305,0.0245135,-0.996138,-0.0843126,0.103587,0.086415,-0.990859,-0.0929087,0.0664868,0.744981
1709804939613,0.98864,-0.00168253,-0.150296,0.0261112,-0.982811,0.182761,-0.14802,-0.184609,-0.971602,-0.074488,0.0664453,0.698089
1709804939828,0.99694,0.00704378,0.0778566,0.0209039,-0.983686,-0.178676,0.0753279,0.179757,-0.980823,-0.0632677,0.0574634,0.652502
